tree
version=v4
num_class=1
num_tree_per_iteration=1
label_index=0
max_feature_idx=3
objective=binary sigmoid:1
feature_names=session_month past_impressions_count is_in_wishlist global_available_copies
feature_infos=[7:8] none [0:1] [1:37]
tree_sizes=847 874 871 875 873 874 877 873 875 877 879 879 881 881 876 879 881 885 878 884 882 882 883 883 884 885 885 888 890 883 883 885 887 887 889 884 884 889 886 881 888 884 889 889 889 886 891 891 890 891

Tree=0
num_leaves=7
num_cat=0
split_feature=2 0 3 3 3 3
split_gain=20.8132 8.60452 3.25448 2.80091 2.64409 1.97749
threshold=1.0000000180025095e-35 7.5000000000000009 11.500000000000002 7.5000000000000009 30.500000000000004 2.5000000000000004
decision_type=2 2 2 2 2 2
left_child=1 2 3 5 -4 -1
right_child=-2 -3 4 -5 -6 -7
leaf_value=-2.6696868165932641 -2.2371113845342445 -2.8550762874756961 -2.8045989562948348 -2.7047605002737214 -2.7005850617403335 -2.817998393299209
leaf_weight=0.26970248669386565 0.16182149201631446 6.3649786859750739 10.895980462431904 1.9957984015345571 0.64728596806526262 1.3485124334692953
leaf_count=5 3 118 202 37 12 25
internal_value=-2.80204 -2.80629 -2.7858 -2.7444 -2.79877 -2.79328
internal_weight=21.6841 21.5223 15.1573 3.61401 11.5433 1.61821
internal_count=402 399 281 67 214 30
is_linear=0
shrinkage=1


Tree=1
num_leaves=7
num_cat=0
split_feature=2 0 3 3 3 3
split_gain=11.3346 8.06002 2.72445 2.18018 2.17078 1.59087
threshold=1.0000000180025095e-35 7.5000000000000009 11.500000000000002 7.5000000000000009 30.500000000000004 2.5000000000000004
decision_type=2 2 2 2 2 2
left_child=1 2 3 5 -4 -1
right_child=-2 -3 4 -5 -6 -7
leaf_value=0.11158351226457008 0.32709511076994885 -0.05287757130718615 -0.0024347750633184582 0.084636394556896477 0.087938404116374824 -0.015380210759431329
leaf_weight=0.30294362455607116 0.26148341596126456 6.0720472112298003 10.871332041919228 2.1742168441414833 0.70773053169250566 1.3295730575919149
leaf_count=5 3 118 202 37 12 25
internal_value=-0.000110751 -0.00409805 0.0151529 0.0518482 0.00308898 0.00818025
internal_weight=21.7193 21.4578 15.3858 3.80673 11.5791 1.63252
internal_count=402 399 281 67 214 30
is_linear=0
shrinkage=0.05


Tree=2
num_leaves=7
num_cat=0
split_feature=2 0 3 3 3 3
split_gain=7.85347 7.5595 2.29999 1.8067 1.72918 1.30672
threshold=1.0000000180025095e-35 7.5000000000000009 11.500000000000002 30.500000000000004 7.5000000000000009 2.5000000000000004
decision_type=2 2 2 2 2 2
left_child=1 2 4 -4 5 -1
right_child=-2 -3 3 -5 -6 -7
leaf_value=0.096014995711679929 0.23930531640864003 -0.052729365250498254 -0.0023181622435666858 0.077236578556588109 0.074551293955099962 -0.014817441325082142
leaf_weight=0.33358335494995772 0.3370303139090528 5.7917340025305739 10.847905695438381 0.76392102241516191 2.3402581885457039 1.3115357607603071
leaf_count=5 3 118 202 12 37 25
internal_value=-0.000175881 -0.00394944 0.0141641 0.0029156 0.0469378 0.00765622
internal_weight=21.726 21.3889 15.5972 11.6118 3.98538 1.64512
internal_count=402 399 281 214 67 30
is_linear=0
shrinkage=0.05


Tree=3
num_leaves=7
num_cat=0
split_feature=2 0 3 3 3 3
split_gain=5.94019 7.09783 1.95527 1.51988 1.39239 1.08993
threshold=1.0000000180025095e-35 7.5000000000000009 11.500000000000002 30.500000000000004 7.5000000000000009 2.5000000000000004
decision_type=2 2 2 2 2 2
left_child=1 2 4 -4 5 -1
right_child=-2 -3 3 -5 -6 -7
leaf_value=0.083882533074341625 0.19072964599830394 -0.052589174731293403 -0.0022069021651306858 0.068545499044407487 0.066313390035014325 -0.014268294776565875
leaf_weight=0.36193758249283448 0.39978361129760642 5.5235832110047332 10.825642727315422 0.81628015637397844 2.4951180219650269 1.2943594716489313
leaf_count=5 3 118 202 12 37 25
internal_value=-0.000221821 -0.00380298 0.0132596 0.00275394 0.0427208 0.00717983
internal_weight=21.7167 21.3169 15.7933 11.6419 4.15142 1.6563
internal_count=402 399 281 214 67 30
is_linear=0
shrinkage=0.05


Tree=4
num_leaves=7
num_cat=0
split_feature=0 2 3 2 3 3
split_gain=5.39628 6.09355 2.63186 3.10355 1.32448 1.13526
threshold=7.5000000000000009 1.0000000180025095e-35 11.500000000000002 1.0000000180025095e-35 30.500000000000004 7.5000000000000009
decision_type=2 2 2 2 2 2
left_child=2 -2 3 5 -4 -1
right_child=1 -3 4 -5 -6 -7
leaf_value=0.0067437532518611221 -0.052456533934852528 0.26964317230464702 -0.0029180931701288273 0.26964317230464702 0.061343198744219243 0.059454835934068112
leaf_weight=1.6662564873695433 5.2671451419591895 0.15104587376117695 10.955530315637585 0.15104587376117695 0.86515876650810319 2.639797031879425
leaf_count=30 118 1 203 1 12 37
internal_value=-0.000255869 -0.0434772 0.0141307 0.0468722 0.0017852 0.0390579
internal_weight=21.696 5.41819 16.2778 4.4571 11.8207 4.30605
internal_count=402 119 283 68 215 67
is_linear=0
shrinkage=0.05


Tree=5
num_leaves=7
num_cat=0
split_feature=0 2 3 2 3 3
split_gain=5.02488 4.98533 2.24975 2.25142 1.13351 0.93468
threshold=7.5000000000000009 1.0000000180025095e-35 11.500000000000002 1.0000000180025095e-35 30.500000000000004 7.5000000000000009
decision_type=2 2 2 2 2 2
left_child=2 -2 3 5 -4 -1
right_child=1 -3 4 -5 -6 -7
leaf_value=0.0063677858220073449 -0.052330992200542284 0.21773094103168955 -0.002779530446024703 0.21773094103168955 0.055275965333650215 0.053655215256234151
leaf_weight=1.6761424019932807 5.021979331970214 0.17690613865852345 10.927331231534477 0.17690613865852345 0.91085556149482805 2.7751525565981865
leaf_count=30 118 1 203 1 12 37
internal_value=-0.000287049 -0.0431414 0.0132432 0.0428012 0.00168738 0.0358491
internal_weight=21.6653 5.19889 16.4664 4.6282 11.8382 4.45129
internal_count=402 119 283 68 215 67
is_linear=0
shrinkage=0.05


Tree=6
num_leaves=7
num_cat=0
split_feature=0 2 3 2 3 3
split_gain=4.68487 4.26155 1.93551 1.74584 1.02005 1.46323
threshold=7.5000000000000009 1.0000000180025095e-35 11.500000000000002 1.0000000180025095e-35 12.500000000000002 14.500000000000002
decision_type=2 2 2 2 2 2
left_child=2 -2 3 -1 -4 -6
right_child=1 -3 4 -5 5 -7
leaf_value=0.033008581443866813 -0.052212141923634249 0.18491300408666012 -0.052988484964176824 0.18491300408666012 0.043373847785148328 -0.0032077855908492141
leaf_weight=4.5874561890959802 4.7876536697149268 0.19728265702724446 0.79826915636658569 0.19728265702724446 2.0754998065531245 8.9803908765315992
leaf_count=67 118 1 15 1 39 161
internal_value=-0.000308539 -0.0428277 0.01243 0.0392719 0.00159574 0.00553689
internal_weight=21.6238 4.98494 16.6389 4.78474 11.8542 11.0559
internal_count=402 119 283 68 215 200
is_linear=0
shrinkage=0.05


Tree=7
num_leaves=7
num_cat=0
split_feature=0 2 3 2 3 3
split_gain=4.37206 3.7408 1.67481 1.41492 1.03701 1.12744
threshold=7.5000000000000009 1.0000000180025095e-35 11.500000000000002 1.0000000180025095e-35 23.500000000000004 15.500000000000002
decision_type=2 2 2 2 2 2
left_child=2 -2 3 -1 5 -4
right_child=1 -3 4 -5 -6 -7
leaf_value=0.03047444875496054 -0.052099608561351478 0.16213652744947571 0.013330055573564507 0.16213652744947571 0.026263943057350671 -0.022908351663410299
leaf_weight=4.7169894799590173 4.563745714724063 0.21328257024288166 3.7672703936696035 0.21328257024288166 3.1178404763340941 4.9882674142718315
leaf_count=67 118 1 70 1 51 94
internal_value=-0.000325671 -0.0425345 0.0116737 0.0361701 0.00150182 -0.00731595
internal_weight=21.5807 4.77703 16.8037 4.93027 11.8734 8.75554
internal_count=402 119 283 68 215 164
is_linear=0
shrinkage=0.05


Tree=8
num_leaves=7
num_cat=0
split_feature=0 2 3 3 2 2
split_gain=4.08465 3.342 1.4673 1.48227 1.31187 0.47406
threshold=7.5000000000000009 1.0000000180025095e-35 14.500000000000002 23.500000000000004 1.0000000180025095e-35 1.0000000180025095e-35
decision_type=2 2 2 2 2 2
left_child=2 -2 4 -4 -1 -5
right_child=1 -3 3 5 -6 -7
leaf_value=0.023063729305013676 -0.051993020162280114 0.1453525131913079 -0.018126124656462742 0.028705930002143207 0.1453525131913079 -0.061581403201118372
leaf_weight=7.7919569909572655 4.349844016134738 0.22566129267215718 5.7468976080417615 3.0359382405877118 0.22566129267215718 0.15269748866558064
leaf_count=121 118 1 110 50 1 1
internal_value=-0.00033778 -0.0422601 0.0109767 -0.00295706 0.0265056 0.0243822
internal_weight=21.5287 4.57551 16.9532 8.93553 8.01762 3.18864
internal_count=402 119 283 161 122 51
is_linear=0
shrinkage=0.05


Tree=9
num_leaves=7
num_cat=0
split_feature=0 2 3 2 3 3
split_gain=3.81966 3.02294 1.30793 1.00684 0.988202 1.10644
threshold=7.5000000000000009 1.0000000180025095e-35 11.500000000000002 1.0000000180025095e-35 12.500000000000002 14.500000000000002
decision_type=2 2 2 2 2 2
left_child=2 -2 3 -1 -4 -6
right_child=1 -3 4 -5 5 -7
leaf_value=0.026520685300889919 -0.051892046219703718 0.13245296777940907 -0.052939301225850513 0.13245296777940907 0.03657298122992101 -0.0028278483603606918
leaf_weight=4.9332422949373784 4.1455476731061927 0.23499190807342518 0.78659098595380683 0.23499190807342518 2.2269330471754065 8.9138356894254667
leaf_count=67 118 1 15 1 39 161
internal_value=-0.000346441 -0.0420029 0.0103275 0.0313373 0.00122383 0.005048
internal_weight=21.4761 4.38054 17.0956 5.16823 11.9274 11.1408
internal_count=402 119 283 68 215 200
is_linear=0
shrinkage=0.05


Tree=10
num_leaves=7
num_cat=0
split_feature=0 2 3 3 3 3
split_gain=3.57509 2.75934 1.14424 0.967076 0.931754 0.963656
threshold=7.5000000000000009 1.0000000180025095e-35 11.500000000000002 7.5000000000000009 12.500000000000002 14.500000000000002
decision_type=2 2 2 2 2 2
left_child=2 -2 3 -1 -4 -6
right_child=1 -3 4 -5 5 -7
leaf_value=6.6649275695150145e-05 -0.051796368372993985 0.1222242098574594 -0.052787743818805868 0.04485427248060174 0.033619769248789295 -0.0026933010468209373
leaf_weight=1.8596135824918807 3.9504672139883033 0.24173432588577259 0.75032243505120177 3.425325334072113 2.2994592525064936 8.8917619809508306
leaf_count=30 118 1 15 38 39 161
internal_value=-0.000352887 -0.0417618 0.00972431 0.0290948 0.00115155 0.00476794
internal_weight=21.4187 4.1922 17.2265 5.28494 11.9415 11.1912
internal_count=402 119 283 68 215 200
is_linear=0
shrinkage=0.05


Tree=11
num_leaves=7
num_cat=0
split_feature=0 2 3 3 2 3
split_gain=3.34831 2.53616 1.00031 0.878945 0.864588 0.841824
threshold=7.5000000000000009 1.0000000180025095e-35 11.500000000000002 12.500000000000002 1.0000000180025095e-35 14.500000000000002
decision_type=2 2 2 2 2 2
left_child=2 -2 4 -4 -1 -5
right_child=1 -3 3 5 -6 -7
leaf_value=0.022660923138604488 -0.051705687173185279 0.11391480524522245 -0.052644399871847061 0.030991685748758643 0.11905621165061496 -0.0025648459585070997
leaf_weight=5.1605010330677095 3.7642245963215819 0.24626979231834401 0.71562303230166335 2.3678818456828585 0.2435951530933379 8.8707821071147901
leaf_count=67 118 1 15 39 1 161
internal_value=-0.000359209 -0.0415355 0.0091542 0.00108404 0.027006 0.0045052
internal_weight=21.3689 4.01049 17.3584 11.9543 5.4041 11.2387
internal_count=402 119 283 215 68 200
is_linear=0
shrinkage=0.05


Tree=12
num_leaves=7
num_cat=0
split_feature=0 2 3 3 2 3
split_gain=3.1392 2.34355 0.879891 1.34263 0.849416 0.453287
threshold=7.5000000000000009 1.0000000180025095e-35 14.500000000000002 23.500000000000004 1.0000000180025095e-35 18.500000000000004
decision_type=2 2 2 2 2 2
left_child=2 -2 4 5 -1 -4
right_child=1 -3 3 -5 -6 -7
leaf_value=0.017303427457796634 -0.051619735797374534 0.10703334993338093 -0.032995781507890141 0.023206181080460395 0.11130520732906468 -0.0044269012206622068
leaf_weight=8.3724168054759538 3.5864527672529216 0.2489204853773116 2.5156896673142892 3.2365689128637314 0.24742090702056962 3.098583173006773
leaf_count=121 118 1 49 51 1 61
internal_value=-0.000361121 -0.041323 0.00863131 -0.00244224 0.0200016 -0.0172283
internal_weight=21.3061 3.83537 17.4707 8.85084 8.61984 5.61427
internal_count=402 119 283 161 122 110
is_linear=0
shrinkage=0.05


Tree=13
num_leaves=7
num_cat=0
split_feature=0 2 3 3 3 3
split_gain=2.9453 2.17479 0.79785 0.840013 0.773752 0.801529
threshold=7.5000000000000009 1.0000000180025095e-35 11.500000000000002 12.500000000000002 7.5000000000000009 2.5000000000000004
decision_type=2 2 2 2 2 2
left_child=2 -2 4 -4 5 -1
right_child=1 -3 3 -5 -6 -7
leaf_value=0.056959999356646043 -0.051538246933888504 0.10124422030772291 -0.052552579713677827 0.0041516851728083731 0.037262230942102632 -0.019589764010024852
leaf_weight=0.44470496475697174 3.4167974218726154 0.24996224045753468 0.69318993017077346 11.299256160855291 3.6572599187493324 1.4800291508436201
leaf_count=5 118 1 15 200 38 25
internal_value=-0.000362119 -0.0411231 0.00814232 0.000874053 0.0237576 -0.00190313
internal_weight=21.2412 3.66676 17.5744 11.9924 5.58199 1.92473
internal_count=402 119 283 215 68 30
is_linear=0
shrinkage=0.05


Tree=14
num_leaves=7
num_cat=0
split_feature=0 2 3 3 3 3
split_gain=2.76483 2.02511 0.75535 1.97855 1.1685 1.7749
threshold=7.5000000000000009 1.0000000180025095e-35 15.500000000000002 18.500000000000004 19.500000000000004 22.500000000000004
decision_type=2 2 2 2 2 2
left_child=2 -2 -1 -4 -5 -6
right_child=1 -3 3 4 5 -7
leaf_value=0.017120048338361785 -0.051460977069310666 0.096310032814034122 -0.052755487884215517 0.062995561090578925 -0.052835345857537297 0.015471037757876947
leaf_weight=9.636963635683065 3.254915244877338 0.24963301420211781 1.6336049772798995 0.86332741752266873 1.2188151776790617 4.3284367769956589
leaf_count=138 118 1 33 17 24 71
internal_value=-0.000363482 -0.0409351 0.00767814 -0.0036333 0.00888448 0.000463092
internal_weight=21.1857 3.50455 17.6811 8.04418 6.41058 5.54725
internal_count=402 119 283 145 112 95
is_linear=0
shrinkage=0.05


Tree=15
num_leaves=7
num_cat=0
split_feature=0 2 3 3 3 3
split_gain=2.59596 1.89101 0.671966 1.866 0.986247 1.65934
threshold=7.5000000000000009 1.0000000180025095e-35 15.500000000000002 18.500000000000004 19.500000000000004 22.500000000000004
decision_type=2 2 2 2 2 2
left_child=2 -2 -1 -4 -5 -6
right_child=1 -3 3 4 5 -7
leaf_value=0.01603221745549065 -0.051387696659891249 0.092057953399355741 -0.052613886393521631 0.056499770055797732 -0.052689424874893934 0.014498592934913688
leaf_weight=9.7726980000734383 3.1004750095307823 0.24813927710056294 1.5580095537006835 0.9130796045064925 1.1625025570392606 4.3862747922539711
leaf_count=138 118 1 33 17 24 71
internal_value=-0.000371123 -0.0407581 0.00722982 -0.00349643 0.00834621 0.000422295
internal_weight=21.1412 3.34861 17.7926 8.01987 6.46186 5.54878
internal_count=402 119 283 145 112 95
is_linear=0
shrinkage=0.05


Tree=16
num_leaves=7
num_cat=0
split_feature=0 2 3 3 3 3
split_gain=2.43916 1.76988 0.598456 1.76089 0.838352 1.55287
threshold=7.5000000000000009 1.0000000180025095e-35 15.500000000000002 18.500000000000004 19.500000000000004 22.500000000000004
decision_type=2 2 2 2 2 2
left_child=2 -2 -1 -4 -5 -6
right_child=1 -3 3 4 5 -7
leaf_value=0.015027783206566404 -0.051318187758742542 0.088359053922918832 -0.052479915832256967 0.050994425045113471 -0.052551390720444249 0.013599303801878689
leaf_weight=9.9011749178171211 2.9531569182872768 0.24566075205802906 1.4857123419642437 0.959788218140602 1.1086378097534177 4.4410545825958252
leaf_count=138 118 1 33 17 24 71
internal_value=-0.000376532 -0.0405913 0.00681151 -0.00336345 0.00784681 0.000384668
internal_weight=21.0952 3.19882 17.8964 7.99519 6.50948 5.54969
internal_count=402 119 283 145 112 95
is_linear=0
shrinkage=0.05


Tree=17
num_leaves=7
num_cat=0
split_feature=0 2 3 3 2 3
split_gain=2.29337 1.65972 0.553392 0.817822 0.691492 0.619545
threshold=7.5000000000000009 1.0000000180025095e-35 11.500000000000002 12.500000000000002 1.0000000180025095e-35 30.500000000000004
decision_type=2 2 2 2 2 2
left_child=2 -2 4 -4 -1 -5
right_child=1 -3 3 5 -6 -7
leaf_value=0.015378183334771218 -0.051252246934935755 0.085115113199169812 -0.05254144265686217 -0.0002068850743198031 0.10035596937594012 0.040148937602889151
leaf_weight=5.6454845368862214 2.8126528225839134 0.24235428869724263 0.69045815616845985 10.360041473060845 0.24999685585498799 1.0471740961074818
leaf_count=67 118 1 15 188 1 12
internal_value=-0.000380027 -0.0404342 0.00642066 0.00029939 0.0189817 0.00349775
internal_weight=21.0482 3.05501 17.9932 12.0977 5.89548 11.4072
internal_count=402 119 283 215 68 200
is_linear=0
shrinkage=0.05


Tree=18
num_leaves=7
num_cat=0
split_feature=0 2 3 3 3 3
split_gain=2.15875 1.55896 0.524198 1.64419 0.729887 1.43154
threshold=7.5000000000000009 1.0000000180025095e-35 15.500000000000002 18.500000000000004 19.500000000000004 22.500000000000004
decision_type=2 2 2 2 2 2
left_child=2 -2 -1 -4 -5 -6
right_child=1 -3 3 4 5 -7
leaf_value=0.013667795789185248 -0.05118968008252546 0.082249946892514775 -0.052352640802878485 0.046289326369122225 -0.052420272719867128 0.012207051412084519
leaf_weight=10.05963826924563 2.6786655634641643 0.23835691809654225 1.4163227789103965 1.003502022475004 1.0569317042827604 4.5266501009464264
leaf_count=138 118 1 33 17 24 71
internal_value=-0.000374952 -0.040286 0.00607033 -0.00347907 0.00702949 -2.64342e-05
internal_weight=20.9801 2.91702 18.063 8.00341 6.58708 5.58358
internal_count=402 119 283 145 112 95
is_linear=0
shrinkage=0.05


Tree=19
num_leaves=7
num_cat=0
split_feature=0 2 3 3 3 2
split_gain=2.03207 1.46636 0.471735 0.888745 0.686049 0.678001
threshold=7.5000000000000009 1.0000000180025095e-35 14.500000000000002 18.500000000000004 15.500000000000002 1.0000000180025095e-35
decision_type=2 2 2 2 2 2
left_child=2 -2 5 4 -4 -1
right_child=1 -3 3 -5 -6 -7
leaf_value=0.011343921768118066 -0.051130319744739097 0.079703550374153359 0.004818855814717634 0.0066192518902371007 -0.052232641286717764 0.094929450337280813
leaf_weight=9.057825986295942 2.5509091913700099 0.23378843069076527 0.86418938636779641 6.6263896934688091 1.3502648659050462 0.24928674101829607
leaf_count=121 118 1 16 112 33 1
internal_value=-0.000376487 -0.0401462 0.00572594 -0.0025452 -0.0299683 0.0135827
internal_weight=20.9327 2.7847 18.148 8.84084 2.21445 9.30711
internal_count=402 119 283 161 49 122
is_linear=0
shrinkage=0.05


Tree=20
num_leaves=7
num_cat=0
split_feature=0 2 3 3 3 3
split_gain=1.91469 1.3809 0.436358 0.609432 1.28426 0.764092
threshold=7.5000000000000009 1.0000000180025095e-35 34.000000000000007 15.500000000000002 18.500000000000004 19.500000000000004
decision_type=2 2 2 2 2 2
left_child=2 -2 3 -1 -5 -6
right_child=1 -3 -4 4 5 -7
leaf_value=0.012091082497926323 -0.051073974234897179 0.077427962233001121 0.053631973736887419 -0.052119018579520983 0.041619467358204917 -0.0051601350126928916
leaf_weight=10.258031256496915 2.4291091859340663 0.22875356674194325 0.45744433999061485 1.2871410325169552 1.0508195534348486 5.1560300439596176
leaf_count=138 118 1 5 33 17 90
internal_value=-0.000371096 -0.0400142 0.00541524 0.00417276 -0.00666611 0.00275965
internal_weight=20.8673 2.65786 18.2095 17.752 7.49399 6.20685
internal_count=402 119 283 278 140 107
is_linear=0
shrinkage=0.05


Tree=21
num_leaves=7
num_cat=0
split_feature=0 2 3 3 3 3
split_gain=1.80443 1.30176 0.393404 0.689983 1.10133 0.773318
threshold=7.5000000000000009 1.0000000180025095e-35 30.500000000000004 15.500000000000002 18.500000000000004 19.500000000000004
decision_type=2 2 2 2 2 2
left_child=2 -2 3 -1 -5 -6
right_child=1 -3 -4 4 5 -7
leaf_value=0.011372574843672736 -0.051020503187935135 0.075384403527779378 0.033892490281811662 -0.05201140689058921 0.038103776951120584 -0.0088516830016857253
leaf_weight=10.358157128095636 2.3130006976425643 0.2233438342809676 1.1150699406862248 1.2268357202410687 1.0893394798040388 4.4952437579631805
leaf_count=138 118 1 12 33 17 83
internal_value=-0.000368589 -0.0398896 0.00511355 0.00324451 -0.00911587 0.000307539
internal_weight=20.821 2.53634 18.2846 17.1696 6.81142 5.58458
internal_count=402 119 283 271 133 100
is_linear=0
shrinkage=0.05


Tree=22
num_leaves=7
num_cat=0
split_feature=0 2 3 3 3 3
split_gain=1.70135 1.22824 0.358539 0.800155 0.600586 0.641418
threshold=7.5000000000000009 1.0000000180025095e-35 11.500000000000002 12.500000000000002 7.5000000000000009 2.5000000000000004
decision_type=2 2 2 2 2 2
left_child=2 -2 4 -4 5 -1
right_child=1 -3 3 -5 -6 -7
leaf_value=0.041951766369465314 -0.050969739702157457 0.073541163974098808 -0.052531130281620646 0.0029857697079706588 0.025842453976585175 -0.022521292788516754
leaf_weight=0.50795603543520629 2.2023303061723705 0.21763911843299855 0.68792643025517364 11.478358760476111 4.0757581070065498 1.6036814078688619
leaf_count=5 118 1 15 200 38 25
internal_value=-0.000365478 -0.0397719 0.00483034 -0.00015336 0.0146298 -0.00701225
internal_weight=20.7737 2.41997 18.3537 12.1663 6.1874 2.11164
internal_count=402 119 283 215 68 30
is_linear=0
shrinkage=0.05


Tree=23
num_leaves=7
num_cat=0
split_feature=0 2 3 3 3 3
split_gain=1.60507 1.15978 0.344846 0.608025 1.05064 0.677858
threshold=7.5000000000000009 1.0000000180025095e-35 30.500000000000004 15.500000000000002 18.500000000000004 19.500000000000004
decision_type=2 2 2 2 2 2
left_child=2 -2 3 -1 -5 -6
right_child=1 -3 -4 4 5 -7
leaf_value=0.010342021140735312 -0.050921550857385312 0.071872045805494847 0.031103082772981419 -0.051915173612560088 0.034762603876265522 -0.008603262998326075
leaf_weight=10.491410151124009 2.0968538224697109 0.21170903742313374 1.1479940116405476 1.1724745407700528 1.1285080313682554 4.4721896648406982
leaf_count=138 118 1 12 33 17 83
internal_value=-0.000360275 -0.0396606 0.00456719 0.00280271 -0.00887542 0.000134707
internal_weight=20.7211 2.30856 18.4126 17.2646 6.77317 5.6007
internal_count=402 119 283 271 133 100
is_linear=0
shrinkage=0.05


Tree=24
num_leaves=7
num_cat=0
split_feature=0 2 3 3 3 2
split_gain=1.51472 1.09589 0.308855 0.435655 1.10152 0.624213
threshold=7.5000000000000009 1.0000000180025095e-35 34.000000000000007 15.500000000000002 18.500000000000004 1.0000000180025095e-35
decision_type=2 2 2 2 2 2
left_child=2 -2 3 5 -5 -1
right_child=1 -3 -4 4 -6 -7
leaf_value=0.0078688810491031602 -0.050875799474261574 0.070355219542477282 0.042949158183259367 -0.0518182809414292 0.002066363748325222 0.088494522306864401
leaf_weight=10.33249647542835 1.9963376075029367 0.20561422407627095 0.50325378775596519 1.1173249818384636 6.2741256728768349 0.24577412009239274
leaf_count=137 118 1 5 33 107 1
internal_value=-0.000356146 -0.0395555 0.00431636 0.00323442 -0.00607908 0.00974213
internal_weight=20.6749 2.20195 18.473 17.9697 7.39145 10.5783
internal_count=402 119 283 278 140 138
is_linear=0
shrinkage=0.05


Tree=25
num_leaves=7
num_cat=0
split_feature=0 2 3 3 2 3
split_gain=1.43034 1.03614 0.277694 0.555061 0.652041 0.324065
threshold=7.5000000000000009 1.0000000180025095e-35 30.500000000000004 27.500000000000004 1.0000000180025095e-35 23.500000000000004
decision_type=2 2 2 2 2 2
left_child=2 -2 3 4 5 -1
right_child=1 -3 -4 -5 -6 -7
leaf_value=7.8144761184270768e-05 -0.050832357472465221 0.068972339326086721 0.027406552068398045 -0.056602522708452022 0.085234347156028248 0.021515436420804432
leaf_weight=14.683004021644608 1.9005570337176316 0.19940726459026326 1.1942594274878491 0.38861970603465934 0.24249732494354148 2.0034632682800284
leaf_count=231 118 1 12 5 1 34
internal_value=-0.000349346 -0.039456 0.00408687 0.0024787 0.00383496 0.00265202
internal_weight=20.6118 2.09996 18.5118 17.3176 16.929 16.6865
internal_count=402 119 283 271 266 265
is_linear=0
shrinkage=0.05


Tree=26
num_leaves=7
num_cat=0
split_feature=0 2 3 3 2 3
split_gain=1.35123 0.980166 0.282545 0.686933 0.51569 0.358859
threshold=7.5000000000000009 1.0000000180025095e-35 14.500000000000002 23.500000000000004 1.0000000180025095e-35 6.5000000000000009
decision_type=2 2 2 2 2 2
left_child=2 -2 4 -4 5 -1
right_child=1 -3 3 -5 -6 -7
leaf_value=-0.016499001186653654 -0.050791103536742099 0.067707881175089302 -0.01428989942545132 0.014061123287313723 0.082355596245793847 0.011788018801820711
leaf_weight=1.2988512814044995 1.8092970345169299 0.19313374161720265 5.1869263611733896 3.6330936327576637 0.2385246008634575 8.1981903202831727
leaf_count=17 118 1 110 51 1 104
internal_value=-0.000340514 -0.0393619 0.00387049 -0.0026117 0.00974309 0.00791938
internal_weight=20.558 2.00243 18.5556 8.82002 9.73557 9.49704
internal_count=402 119 283 161 122 121
is_linear=0
shrinkage=0.05


Tree=27
num_leaves=7
num_cat=0
split_feature=0 2 3 3 3 3
split_gain=1.27695 0.927657 0.261113 0.999833 0.544396 0.768151
threshold=7.5000000000000009 1.0000000180025095e-35 2.5000000000000004 6.5000000000000009 11.500000000000002 12.500000000000002
decision_type=2 2 2 2 2 2
left_child=2 -2 -1 -4 -5 -6
right_child=1 -3 3 4 5 -7
leaf_value=0.038418515256092772 -0.050751926090398428 0.066548608295259881 -0.053623645624025176 0.018895374879387118 -0.052474925750445239 0.0024330118521390626
leaf_weight=0.52526369690895691 1.7223516646772612 0.18683296442031849 0.75610926747322338 5.0684022754430798 0.67409344017505546 11.564970202744005
leaf_count=5 118 1 12 51 15 200
internal_value=-0.000332257 -0.0392729 0.00366718 0.00265666 0.00511537 -0.000591164
internal_weight=20.498 1.90918 18.5888 18.0636 17.3075 12.2391
internal_count=402 119 283 278 266 215
is_linear=0
shrinkage=0.05


Tree=28
num_leaves=7
num_cat=0
split_feature=0 2 3 3 2 2
split_gain=1.20684 0.878331 0.247117 0.620526 0.471674 0.342258
threshold=7.5000000000000009 1.0000000180025095e-35 14.500000000000002 23.500000000000004 1.0000000180025095e-35 1.0000000180025095e-35
decision_type=2 2 2 2 2 2
left_child=2 -2 4 -4 -1 -5
right_child=1 -3 3 5 -6 -7
leaf_value=0.0072164797882156287 -0.05071471642526966 0.065483168602851347 -0.013846050997583809 0.016182301220162367 0.079239951075320933 -0.061151877761542267
leaf_weight=9.5844645127654111 1.6395233310759056 0.18053874373435963 5.1322818063199502 3.5339085981249814 0.23284035921096879 0.14910711348056782
leaf_count=121 118 1 110 50 1 1
internal_value=-0.000327713 -0.0391886 0.00346828 -0.00260833 0.00892468 0.0130514
internal_weight=20.4527 1.82006 18.6326 8.8153 9.8173 3.68302
internal_count=402 119 283 161 122 51
is_linear=0
shrinkage=0.05


Tree=29
num_leaves=7
num_cat=0
split_feature=0 2 3 3 3 3
split_gain=1.14123 0.831942 0.228468 1.12697 0.481782 1.19731
threshold=7.5000000000000009 1.0000000180025095e-35 15.500000000000002 18.500000000000004 19.500000000000004 22.500000000000004
decision_type=2 2 2 2 2 2
left_child=2 -2 -1 -4 -5 -6
right_child=1 -3 3 4 5 -7
leaf_value=0.0080327429115803015 -0.050679372434141501 0.064501760684556916 -0.051682781745017115 0.033873162922537746 -0.052214199100267845 0.0086166249542109982
leaf_weight=10.750760145485406 1.5606230124831189 0.17428003251552571 1.0394907966256131 1.1393868476152418 0.97458761930465687 4.7582490295171738
leaf_count=138 118 1 33 17 24 71
internal_value=-0.000319077 -0.0391088 0.0032869 -0.00316194 0.0041773 -0.00172467
internal_weight=20.3974 1.7349 18.6625 7.91171 6.87222 5.73284
internal_count=402 119 283 145 112 95
is_linear=0
shrinkage=0.05


Tree=30
num_leaves=7
num_cat=0
split_feature=0 2 3 3 3 3
split_gain=1.07912 0.78827 0.218779 0.94418 0.432975 0.737539
threshold=7.5000000000000009 1.0000000180025095e-35 2.5000000000000004 6.5000000000000009 11.500000000000002 12.500000000000002
decision_type=2 2 2 2 2 2
left_child=2 -2 -1 -4 -5 -6
right_child=1 -3 3 4 5 -7
leaf_value=0.034261674961657357 -0.050645803275598311 0.063595898137858153 -0.053487229931524619 0.01660470135064632 -0.052384489902659974 0.0022821536311303423
leaf_weight=0.54700523614884033 1.4854697100818146 0.16808144748210896 0.73136012256145733 5.1902160272002247 0.6517055444419374 11.583717394620178
leaf_count=5 118 1 12 51 15 200
internal_value=-0.000316447 -0.0390333 0.00310636 0.00216777 0.00450363 -0.000629601
internal_weight=20.3576 1.65355 18.704 18.157 17.4256 12.2354
internal_count=402 119 283 278 266 215
is_linear=0
shrinkage=0.05


Tree=31
num_leaves=7
num_cat=0
split_feature=0 2 3 3 3 3
split_gain=1.02082 0.747119 0.217132 0.309058 0.958208 0.513474
threshold=7.5000000000000009 1.0000000180025095e-35 34.000000000000007 15.500000000000002 18.500000000000004 19.500000000000004
decision_type=2 2 2 2 2 2
left_child=2 -2 3 -1 -5 -6
right_child=1 -3 -4 4 5 -7
leaf_value=0.0073714069285385755 -0.050613907235250055 0.06275817888479053 0.033923996126201977 -0.05160167369416982 0.031064163973784545 -0.0055425117247235043
leaf_weight=10.838891487568626 1.4138904474675644 0.16196382045745839 0.54884061217307945 0.99249985255300899 1.1750764325261114 5.1840487718582153
leaf_count=138 118 1 5 33 17 90
internal_value=-0.00031138 -0.0389617 0.00293885 0.00200398 -0.00590951 0.00122188
internal_weight=20.3152 1.57585 18.7394 18.1905 7.35163 6.35913
internal_count=402 119 283 278 140 107
is_linear=0
shrinkage=0.05


Tree=32
num_leaves=7
num_cat=0
split_feature=0 2 3 3 2 3
split_gain=0.965954 0.708312 0.195738 0.507375 0.493753 0.271396
threshold=7.5000000000000009 1.0000000180025095e-35 30.500000000000004 27.500000000000004 1.0000000180025095e-35 26.500000000000004
decision_type=2 2 2 2 2 2
left_child=2 -2 3 4 5 -1
right_child=1 -3 -4 -5 -6 -7
leaf_value=0.00051321203102265545 -0.05058360766799963 0.061982104807816824 0.021716736784841616 -0.056070050528350082 0.076161457760654999 0.035956798423375839
leaf_weight=16.34401625767352 1.3457195013761509 0.15594466030597676 1.2722031027078617 0.37574978172778983 0.22550773620605369 0.55854964256286521
leaf_count=256 118 1 12 5 1 9
internal_value=-0.000305714 -0.0388939 0.00278048 0.00140417 0.00266502 0.00168445
internal_weight=20.2777 1.50166 18.776 17.5038 17.1281 16.9026
internal_count=402 119 283 271 266 265
is_linear=0
shrinkage=0.05


Tree=33
num_leaves=7
num_cat=0
split_feature=0 2 3 3 3 3
split_gain=0.914472 0.671688 0.188958 0.887288 0.365067 0.699899
threshold=7.5000000000000009 1.0000000180025095e-35 2.5000000000000004 6.5000000000000009 11.500000000000002 12.500000000000002
decision_type=2 2 2 2 2 2
left_child=2 -2 -1 -4 -5 -6
right_child=1 -3 3 4 5 -7
leaf_value=0.031127599037941357 -0.050554822180188398 0.061261982552035299 -0.05333177142220346 0.014958275347715311 -0.052280706563521087 0.0019999440662422652
leaf_weight=0.56445959955454483 1.2807985115796316 0.15003846585750569 0.70283675193786876 5.2765549719333675 0.62581781297922034 11.630077140405772
leaf_count=5 118 1 12 51 15 200
internal_value=-0.000296713 -0.0388296 0.002636 0.00175407 0.00396234 -0.000771767
internal_weight=20.2306 1.43084 18.7997 18.2353 17.5324 12.2559
internal_count=402 119 283 278 266 215
is_linear=0
shrinkage=0.05


Tree=34
num_leaves=7
num_cat=0
split_feature=0 2 3 3 2 3
split_gain=0.865757 0.637102 0.182437 1.00222 0.403214 0.373356
threshold=7.5000000000000009 1.0000000180025095e-35 15.500000000000002 18.500000000000004 1.0000000180025095e-35 19.500000000000004
decision_type=2 2 2 2 2 2
left_child=2 -2 4 -4 -1 -5
right_child=1 -3 3 5 -6 -7
leaf_value=0.0053106278464817181 -0.050527470904693172 0.060592755639252316 -0.051524949554556665 0.028536673242590949 0.073883015799611998 -0.0020276881498714999
leaf_weight=10.696521129459146 1.2189760413020838 0.14425720274448384 0.94777231849729915 1.2090262174606321 0.21876101195812303 5.7559104710817337
leaf_count=137 118 1 33 17 1 95
internal_value=-0.000291532 -0.0387687 0.00249439 -0.0032863 0.00668494 0.0032779
internal_weight=20.1912 1.36323 18.828 7.91271 10.9153 6.96494
internal_count=402 119 283 145 138 112
is_linear=0
shrinkage=0.05


Tree=35
num_leaves=7
num_cat=0
split_feature=0 2 3 3 2 3
split_gain=0.819936 0.604421 0.178441 0.473479 0.421872 0.240257
threshold=7.5000000000000009 1.0000000180025095e-35 30.500000000000004 27.500000000000004 1.0000000180025095e-35 26.500000000000004
decision_type=2 2 2 2 2 2
left_child=2 -2 3 4 5 -1
right_child=1 -3 -4 -5 -6 -7
leaf_value=0.0002385063441681424 -0.050501482180442647 0.059969969879575973 0.020288081254808184 -0.055758934859810143 0.072182076423320835 0.033087909412175612
leaf_weight=16.400945795699972 1.1601075772196043 0.13861051201820362 1.2932261526584614 0.35935918986797233 0.21286949515342612 0.576176717877387
leaf_count=256 118 1 12 5 1 9
internal_value=-0.000284665 -0.038711 0.00236386 0.00104301 0.00223046 0.00135336
internal_weight=20.1413 1.29872 18.8426 17.5494 17.19 16.9771
internal_count=402 119 283 271 266 265
is_linear=0
shrinkage=0.05


Tree=36
num_leaves=7
num_cat=0
split_feature=0 2 3 3 3 3
split_gain=0.776778 0.573525 0.168154 0.426147 0.286347 0.290911
threshold=7.5000000000000009 1.0000000180025095e-35 36.500000000000007 34.000000000000007 31.500000000000004 30.500000000000004
decision_type=2 2 2 2 2 2
left_child=2 -2 3 4 5 -1
right_child=1 -3 -4 -5 -6 -7
leaf_value=0.00098954293931350972 -0.050476784911222518 0.059389646501340647 -0.057743092709522284 0.049909795266439558 -0.056737302317991289 0.038823833387883325
leaf_weight=17.5474214050919 1.1040547601878632 0.1331060230731963 0.11611393094062705 0.46445572376251121 0.20929010212421317 0.52322525531053443
leaf_count=271 118 1 1 4 2 5
internal_value=-0.000275899 -0.0386563 0.00224167 0.00261325 0.00141155 0.00208501
internal_weight=20.0977 1.23716 18.8605 18.7444 18.2799 18.0706
internal_count=402 119 283 282 278 276
is_linear=0
shrinkage=0.05


Tree=37
num_leaves=7
num_cat=0
split_feature=0 2 3 3 2 3
split_gain=0.735967 0.544301 0.173124 0.938101 0.349761 0.338093
threshold=7.5000000000000009 1.0000000180025095e-35 15.500000000000002 18.500000000000004 1.0000000180025095e-35 19.500000000000004
decision_type=2 2 2 2 2 2
left_child=2 -2 4 -4 -1 -5
right_child=1 -3 3 5 -6 -7
leaf_value=0.0049566774061664126 -0.050453313092182067 0.058848234496275992 -0.05145014642874484 0.02635920610468509 0.070616935647514506 -0.0024111772169923104
leaf_weight=10.752968575805429 1.050685605034231 0.12774965167045582 0.90390391275286575 1.239774167537689 0.20671708881855089 5.7903568372130394
leaf_count=137 118 1 33 17 1 95
internal_value=-0.000268238 -0.0386044 0.00212285 -0.00350239 0.00619513 0.00266252
internal_weight=20.0722 1.17844 18.8937 7.93403 10.9597 7.03013
internal_count=402 119 283 145 138 112
is_linear=0
shrinkage=0.05


Tree=38
num_leaves=7
num_cat=0
split_feature=0 2 3 3 3 3
split_gain=0.697451 0.516648 0.168042 0.827305 0.291968 0.665157
threshold=7.5000000000000009 1.0000000180025095e-35 6.5000000000000009 2.5000000000000004 11.500000000000002 12.500000000000002
decision_type=2 2 2 2 2 2
left_child=2 -2 3 -1 -4 -6
right_child=1 -3 4 -5 5 -7
leaf_value=0.02806850044826369 -0.050431011742775624 0.058342553911884823 0.01300934800522667 -0.053195258166859473 -0.052189555335113907 0.0016665544151691339
leaf_weight=0.58244016021490697 0.99987395107746013 0.12254574149847031 5.3595468103885677 0.67750315368175507 0.60290755704045196 11.681104477494953
leaf_count=5 118 1 51 12 15 200
internal_value=-0.000261702 -0.0385551 0.00201202 -0.0156291 0.00327178 -0.00097674
internal_weight=20.0259 1.12242 18.9035 1.25994 17.6436 12.284
internal_count=402 119 283 17 266 215
is_linear=0
shrinkage=0.05


Tree=39
num_leaves=7
num_cat=0
split_feature=0 2 3 3 3 3
split_gain=0.660997 0.490471 0.156854 0.373728 0.267499 0.258089
threshold=7.5000000000000009 1.0000000180025095e-35 36.500000000000007 34.000000000000007 31.500000000000004 30.500000000000004
decision_type=2 2 2 2 2 2
left_child=2 -2 3 4 5 -1
right_child=1 -3 -4 -5 -6 -7
leaf_value=0.00070295248431530288 -0.050409815001429298 0.057869755052305676 -0.057303204419697024 0.045744642680460912 -0.056360951302870423 0.035841770483461863
leaf_weight=17.591179268434662 0.95149935223162063 0.11749732494354248 0.11120534688234229 0.4813341498374929 0.20024669170379539 0.53855765610933204
leaf_count=271 118 1 1 4 2 5
internal_value=-0.000256949 -0.0385084 0.001904 0.00225401 0.00111198 0.00174678
internal_weight=19.9915 1.069 18.9225 18.8113 18.33 18.1297
internal_count=402 119 283 282 278 276
is_linear=0
shrinkage=0.05


Tree=40
num_leaves=7
num_cat=0
split_feature=0 2 3 3 2 3
split_gain=0.626637 0.465681 0.159708 0.884059 0.324785 0.302047
threshold=7.5000000000000009 1.0000000180025095e-35 15.500000000000002 18.500000000000004 1.0000000180025095e-35 19.500000000000004
decision_type=2 2 2 2 2 2
left_child=2 -2 4 -4 -1 -5
right_child=1 -3 3 5 -6 -7
leaf_value=0.0045354860466940289 -0.050389665353864826 0.057427263121935357 -0.051380689704493158 0.02431182881651503 0.068949615462775657 -0.0026066056262984997
leaf_weight=10.810886979103092 0.90544696711003669 0.11260626465082169 0.86293916031718154 1.270037770271301 0.19929972290992815 5.8068373128771782
leaf_count=137 118 1 33 17 1 95
internal_value=-0.00024949 -0.0384641 0.00180352 -0.0036018 0.00570147 0.00222426
internal_weight=19.9681 1.01805 18.95 7.93981 11.0102 7.07688
internal_count=402 119 283 145 138 112
is_linear=0
shrinkage=0.05


Tree=41
num_leaves=7
num_cat=0
split_feature=0 2 3 3 3 3
split_gain=0.594167 0.442199 0.15461 0.772347 0.249077 0.631841
threshold=7.5000000000000009 1.0000000180025095e-35 6.5000000000000009 2.5000000000000004 11.500000000000002 12.500000000000002
decision_type=2 2 2 2 2 2
left_child=2 -2 3 -1 -4 -6
right_child=1 -3 4 -5 5 -7
leaf_value=0.025751738290205745 -0.050370516766890527 0.057012748190854549 0.011832257817537139 -0.053045640256733417 -0.052089131975449565 0.0014857969264696321
leaf_weight=0.596713088452822 0.8616069545969357 0.10787341743707657 5.4234176799654987 0.64942708611488342 0.57747490704059501 11.70831269957125
leaf_count=5 118 1 51 12 15 200
internal_value=-0.000243165 -0.0384221 0.00170951 -0.0153136 0.00290737 -0.00103241
internal_weight=19.9248 0.96948 18.9553 1.24614 17.7092 12.2858
internal_count=402 119 283 17 266 215
is_linear=0
shrinkage=0.05


Tree=42
num_leaves=7
num_cat=0
split_feature=0 2 3 3 3 3
split_gain=0.563408 0.419948 0.146544 0.329339 0.250278 0.229826
threshold=7.5000000000000009 1.0000000180025095e-35 36.500000000000007 34.000000000000007 31.500000000000004 30.500000000000004
decision_type=2 2 2 2 2 2
left_child=2 -2 3 4 5 -1
right_child=1 -3 -4 -5 -6 -7
leaf_value=0.00046433700637358005 -0.050352317629935597 0.056624120678620521 -0.056888747430970658 0.042112561563931825 -0.056005620135672729 0.033206022532402443
leaf_weight=17.622299758717435 0.81987469363957544 0.10329877585172653 0.10642839968204398 0.49693384766578574 0.19146734476089378 0.55277876555919547
leaf_count=271 118 1 1 4 2 5
internal_value=-0.000238565 -0.0383822 0.0016177 0.00194779 0.000861078 0.00146015
internal_weight=19.8931 0.923173 18.9699 18.8635 18.3665 18.1751
internal_count=402 119 283 282 278 276
is_linear=0
shrinkage=0.05


Tree=43
num_leaves=7
num_cat=0
split_feature=0 2 3 3 2 3
split_gain=0.534389 0.398858 0.14779 0.83416 0.3022 0.270678
threshold=7.5000000000000009 1.0000000180025095e-35 15.500000000000002 18.500000000000004 1.0000000180025095e-35 19.500000000000004
decision_type=2 2 2 2 2 2
left_child=2 -2 4 -4 -1 -5
right_child=1 -3 3 5 -6 -7
leaf_value=0.0041722116084985375 -0.050335016321000937 0.056259456236986749 -0.051314100516130348 0.022485453071292724 0.067470910360633171 -0.0027641459621751841
leaf_weight=10.859867006540302 0.78015023376792569 0.09888160228729248 0.82345367968082328 1.2982086986303327 0.19189004600048143 5.8190958425402641
leaf_count=137 118 1 33 17 1 95
internal_value=-0.000231386 -0.0383443 0.0015326 -0.00367078 0.00527126 0.00184142
internal_weight=19.8715 0.879032 18.9925 7.94076 11.0518 7.1173
internal_count=402 119 283 145 138 112
is_linear=0
shrinkage=0.05


Tree=44
num_leaves=7
num_cat=0
split_feature=0 2 3 3 3 3
split_gain=0.506937 0.378864 0.142381 0.722699 0.22111 0.448112
threshold=7.5000000000000009 1.0000000180025095e-35 6.5000000000000009 2.5000000000000004 14.500000000000002 23.500000000000004
decision_type=2 2 2 2 2 2
left_child=2 -2 3 -1 -4 -6
right_child=1 -3 4 -5 5 -7
leaf_value=0.023692018434309861 -0.050318571877768364 0.055917021988621231 0.00813982027112513 -0.052901714193161156 -0.012907740009750368 0.0098097028415347724
leaf_weight=0.60989942401648167 0.74233824014663596 0.094620510935783386 8.9316260516643542 0.62210901081562042 4.9861354958266002 3.8444344475865364
leaf_count=5 118 1 105 12 110 51
internal_value=-0.000225329 -0.0383083 0.00145276 -0.0149844 0.00259286 -0.00301758
internal_weight=19.8312 0.836959 18.9942 1.23201 17.7622 8.83057
internal_count=402 119 283 17 266 161
is_linear=0
shrinkage=0.05


Tree=45
num_leaves=7
num_cat=0
split_feature=0 2 3 3 3 3
split_gain=0.480922 0.359904 0.138273 0.282986 0.236616 0.19791
threshold=7.5000000000000009 1.0000000180025095e-35 36.500000000000007 34.000000000000007 31.500000000000004 30.500000000000004
decision_type=2 2 2 2 2 2
left_child=2 -2 3 4 5 -1
right_child=1 -3 -4 -5 -6 -7
leaf_value=0.00029940355272530883 -0.050302936575775836 0.055595243043908005 -0.056553808375570572 0.038265866170804713 -0.055718666922405673 0.030245612749875403
leaf_weight=17.63475261442365 0.70634793862700362 0.090513564646244049 0.10245660692453284 0.51440948247909446 0.18420161306857963 0.56954547762870689
leaf_count=271 118 1 1 4 2 5
internal_value=-0.000220508 -0.0382742 0.00137502 0.001689 0.00066578 0.00123631
internal_weight=19.8022 0.796862 19.0054 18.9029 18.3885 18.2043
internal_count=402 119 283 282 278 276
is_linear=0
shrinkage=0.05


Tree=46
num_leaves=7
num_cat=0
split_feature=0 2 3 3 3 3
split_gain=0.456348 0.341921 0.129502 0.679875 0.202948 0.396064
threshold=7.5000000000000009 1.0000000180025095e-35 6.5000000000000009 2.5000000000000004 14.500000000000002 23.500000000000004
decision_type=2 2 2 2 2 2
left_child=2 -2 3 -1 -4 -6
right_child=1 -3 4 -5 5 -7
leaf_value=0.022100995731464068 -0.050288073642465583 0.055292661042590341 0.0076670960896228759 -0.052753023362514362 -0.012419058543980847 0.0089200054960657579
leaf_weight=0.62041688710451726 0.67209251131862302 0.086558401584625244 8.9891781769692916 0.59356239438056946 4.9306404050439578 3.890034981071949
leaf_count=5 118 1 105 12 110 51
internal_value=-0.000213647 -0.0382418 0.00130288 -0.0144981 0.00237992 -0.00300825
internal_weight=19.7825 0.758651 19.0238 1.21398 17.8099 8.82068
internal_count=402 119 283 17 266 161
is_linear=0
shrinkage=0.05


Tree=47
num_leaves=7
num_cat=0
split_feature=0 2 3 3 2 3
split_gain=0.433047 0.324861 0.119903 0.773054 0.283111 0.279602
threshold=7.5000000000000009 1.0000000180025095e-35 15.500000000000002 18.500000000000004 1.0000000180025095e-35 19.500000000000004
decision_type=2 2 2 2 2 2
left_child=2 -2 4 -4 -1 -5
right_child=1 -3 3 5 -6 -7
leaf_value=0.0035415638719353926 -0.05027394996801017 0.055007959073793633 -0.051217515079077729 0.022660382653265296 0.066070098747607456 -0.0030177815585647055
leaf_weight=10.951981656253341 0.63948926143348117 0.082752257585525513 0.76580983959138293 1.2954608127474783 0.18406812846660692 5.835379920899868
leaf_count=137 118 1 33 17 1 95
internal_value=-0.00020887 -0.0382111 0.00123321 -0.00347959 0.0045751 0.00164717
internal_weight=19.7549 0.722242 19.0327 7.89665 11.136 7.13084
internal_count=402 119 283 145 138 112
is_linear=0
shrinkage=0.05


Tree=48
num_leaves=7
num_cat=0
split_feature=0 2 3 3 3 3
split_gain=0.411013 0.308675 0.120173 0.638439 0.174908 0.611386
threshold=7.5000000000000009 1.0000000180025095e-35 6.5000000000000009 2.5000000000000004 11.500000000000002 12.500000000000002
decision_type=2 2 2 2 2 2
left_child=2 -2 3 -1 -4 -6
right_child=1 -3 4 -5 5 -7
leaf_value=0.020433612345322073 -0.050260512547091608 0.054739925563961712 0.0095646625812586573 -0.05262082311555541 -0.052031842110592634 0.0013151636188480085
leaf_weight=0.63175894320011738 0.60845950338989396 0.079092063009738922 5.5512254685163525 0.56790219247341156 0.56287698447704215 11.716874215751885
leaf_count=5 118 1 51 12 15 200
internal_value=-0.000203298 -0.0381819 0.00116882 -0.0141493 0.00219941 -0.00113015
internal_weight=19.7182 0.687552 19.0306 1.19966 17.831 12.2798
internal_count=402 119 283 17 266 215
is_linear=0
shrinkage=0.05


Tree=49
num_leaves=7
num_cat=0
split_feature=0 2 3 3 3 3
split_gain=0.390109 0.293315 0.110115 0.602155 0.168822 0.734671
threshold=7.5000000000000009 1.0000000180025095e-35 6.5000000000000009 2.5000000000000004 15.500000000000002 18.500000000000004
decision_type=2 2 2 2 2 2
left_child=2 -2 3 -1 -4 -6
right_child=1 -3 4 -5 5 -7
leaf_value=0.019128727314833394 -0.050247747752023134 0.054487432713894439 0.0064048569530914552 -0.052486479449927709 -0.051158248897501063 0.0014931029550606229
leaf_weight=0.64086921513081196 0.57892795838415523 0.075574509799480438 9.9761884547770041 0.5415530651807785 0.73022095486521621 7.1485921368002892
leaf_count=5 118 1 121 12 33 112
internal_value=-0.000199287 -0.0381541 0.00110559 -0.0136713 0.00208417 -0.00338671
internal_weight=19.6919 0.654502 19.0374 1.18242 17.855 7.87881
internal_count=402 119 283 17 266 145
is_linear=0
shrinkage=0.05


end of trees

feature_importances:
global_available_copies=177
is_in_wishlist=73
session_month=50

parameters:
[boosting: gbdt]
[objective: binary]
[metric: binary_logloss]
[tree_learner: serial]
[device_type: cpu]
[data_sample_strategy: bagging]
[data: ]
[valid: ]
[num_iterations: 50]
[learning_rate: 0.05]
[num_leaves: 7]
[num_threads: 0]
[seed: 0]
[deterministic: 0]
[force_col_wise: 0]
[force_row_wise: 0]
[histogram_pool_size: -1]
[max_depth: -1]
[min_data_in_leaf: 2]
[min_sum_hessian_in_leaf: 0.001]
[bagging_fraction: 1]
[pos_bagging_fraction: 1]
[neg_bagging_fraction: 1]
[bagging_freq: 0]
[bagging_seed: 3]
[bagging_by_query: 0]
[feature_fraction: 1]
[feature_fraction_bynode: 1]
[feature_fraction_seed: 2]
[extra_trees: 0]
[extra_seed: 6]
[early_stopping_round: 0]
[early_stopping_min_delta: 0]
[first_metric_only: 0]
[max_delta_step: 0]
[lambda_l1: 0]
[lambda_l2: 0]
[linear_lambda: 0]
[min_gain_to_split: 0]
[drop_rate: 0.1]
[max_drop: 50]
[skip_drop: 0.5]
[xgboost_dart_mode: 0]
[uniform_drop: 0]
[drop_seed: 4]
[top_rate: 0.2]
[other_rate: 0.1]
[min_data_per_group: 100]
[max_cat_threshold: 32]
[cat_l2: 10]
[cat_smooth: 10]
[max_cat_to_onehot: 4]
[top_k: 20]
[monotone_constraints: ]
[monotone_constraints_method: basic]
[monotone_penalty: 0]
[feature_contri: ]
[forcedsplits_filename: ]
[refit_decay_rate: 0.9]
[cegb_tradeoff: 1]
[cegb_penalty_split: 0]
[cegb_penalty_feature_lazy: ]
[cegb_penalty_feature_coupled: ]
[path_smooth: 0]
[interaction_constraints: ]
[verbosity: -1]
[saved_feature_importance_type: 0]
[use_quantized_grad: 0]
[num_grad_quant_bins: 4]
[quant_train_renew_leaf: 0]
[stochastic_rounding: 1]
[linear_tree: 0]
[max_bin: 255]
[max_bin_by_feature: ]
[min_data_in_bin: 3]
[bin_construct_sample_cnt: 200000]
[data_random_seed: 1]
[is_enable_sparse: 1]
[enable_bundle: 1]
[use_missing: 1]
[zero_as_missing: 0]
[feature_pre_filter: 1]
[pre_partition: 0]
[two_round: 0]
[header: 0]
[label_column: ]
[weight_column: ]
[group_column: ]
[ignore_column: ]
[categorical_feature: ]
[forcedbins_filename: ]
[precise_float_parser: 0]
[parser_config_file: ]
[objective_seed: 5]
[num_class: 1]
[is_unbalance: 0]
[scale_pos_weight: 1]
[sigmoid: 1]
[boost_from_average: 1]
[reg_sqrt: 0]
[alpha: 0.9]
[fair_c: 1]
[poisson_max_delta_step: 0.7]
[tweedie_variance_power: 1.5]
[lambdarank_truncation_level: 30]
[lambdarank_norm: 1]
[label_gain: ]
[lambdarank_position_bias_regularization: 0]
[eval_at: ]
[multi_error_top_k: 1]
[auc_mu_weights: ]
[num_machines: 1]
[local_listen_port: 12400]
[time_out: 120]
[machine_list_filename: ]
[machines: ]
[gpu_platform_id: -1]
[gpu_device_id: -1]
[gpu_device_id_list: ]
[gpu_use_dp: 0]
[num_gpu: 1]

end of parameters

pandas_categorical:[]
